 212137494 
 189035470 
 195222182 
 156304926 
 157967286 
 221424366 
 119321926 
 219543102 
 226759510 
 212605966 
 123527654 
 173011038 
 233219318 
 223536942 
 167575686 
 246551678 
 234403990 
 124988494 
 244887846 
 166298270 
 187887158 
 220400494 
 124621766 
 196958910 
 180348374 
 157459598 
 201017446 
 204389598 
 152846198 
 154933166 
 228814598 
 228116734 
 196516630 
 249791694 
 239708070 
 147889950 
 210737334 
 248974318 
 150180422 
 189095742 
 131717206 
 251579662 
 208195302 
 119548254 
 194640374 
 130869294 
 131267974 
 224664958 
 155622806 
 123567438 
 157138470 
 168713118 
 157836086 
 244755566 
 248950982 
 171312062 
 154790614 
 138974606 
 139294054 
 204223966 
 172479606 
 172841134 
 213101574 
 161223166 
 202424342 
 145298894 
 142406822 
 195737630 
 128273846 
 178908398 
 239005510 
 152520766 
 222829910 
 168295950 
 156318694 
 240837214 
 202231542 
 201681198 
 174946950 
 130590334 
 192742038 
 210652750 
 240077606 
 229487774 
 120477750 
 190369134 
 240405958 
 175189182 
 208433110 
 184878734 
 186393190 
 179580638 
 164882806 
 171776430 
 153643270 
 124902142 
 150168854 
 248850126 
 125616550 
 169824542 
 166429366 
 183193070 
 138333254 
 181121342 
 151970390 
 201830158 
 190195942 
 138419038 
 243409910 
 205285934 
 185366406 
 169848702 
 131852182 
 222666574 
 179132454 
 218598814 
 197446966 
 229207662 
 119958214 
 145675710 
 127366358 
 131594126 
 161959782 
 134653918 
 117472886 
 189487790 
 205628934 
 190456830 
 228493846 
 128432078 
 143199910 
 208562718 
 178403254 
 165359342 
 137570630 
 211982910 
 242100054 
 188604430 
 129471974 
 219141214 
 171374838 
 179432238 
 183497862 
 145307774 
 161696918 
 130248782 
 196601126 
 140240542 
 241943094 
 130584430 
 177014726 
 154074814 
 234551766 
 218196110 
 154074214 
 207855838 
 151884662 
 129506222 
 121594630 
 160754942 
 223489814 
 157337806 
 149019558 
 181928734 
 151612598 
 163155950 
 123471430 
 182190910 
 145091670 
 233476366 
 196444902 
 218762590 
 241978870 
 161868846 
 190312838 
 128270718 
 202584470 
 172474702 
 246346278 
 132824990 
 241383222 
 200683630 
 164111558 
 137471934 
 181862102 
 146889102 
 250816870 
 134945246 
 121317494 
 163798190 
 190947334 
 241317374 
 189682710 
 171989454 
 231155878 
 228334622 
 207692214 
 214331630 
 251224902 
 163048510 
 183906646 
 172868110 
 210759654 
 141477470 
 174203638 
 190344494 
 226782854 
 190040702 
 174823062 
 185766478 
 148012838 
 200546462 
 183184438 
 208818542 
 236437958 
 167170238 
 158041046 
 156748430 
 137614950 
 188551902 
 147406198 
 195894702 
 166223110 
 235011838 
 181598486 
 143026894 
 209253798 
 217756958 
 199841462 
 222417390 
 139149382 
 225858878 
 144635478 
 245854990 
 126278886 
 125697886 
 223901686 
 168390190 
 179661702 
 133485438 
 132938646 
 140763982 
 123898918 
 213381534 
 188981558 
 192737902 
 146529990 
 180255166 
 217614550 
 218413966 
 170984294 
 238652382 
 217567862 
 129326766 
 202611206 
 213141502 
 119545366 
 175307726 
 171393702 
 154390046 
 249695158 
 225161966 
 210869574 
 173489726 
 216021846 
 154641422 
 165300710 
 175618142 
 244272374 
 133754670 
 204138630 
 164125822 
 131457174 
 142324814 
 127867174 
 175524510 
 246191670 
 190190446 
 183794630 
 248029886 
 146673110 
 168307854 
 170569830 
 155223262 
 185001846 
 136060846 
 186865414 
 247009534 
 192267030 
 239471822 
 205655974 
 176645918 
 210452662 
 126096366 
 218921542 
 211461950 
 184156246 
 138302734 
 147470054 
 161214814 
 222732790 
 124186670 
 186967430 
 219047294 
 224904598 
 161088846 
 247997990 
 225387422 
 208014134 
 238924910 
 234985670 
 173362110 
 133960406 
 245505422 
 224451942 
 210894302 
 171342966 
 119627950 
 139957254 
 139483646 
 185853974 
 171941326 
 131685542 
 154501150 
 203748790 
 231404782 
 184276806 
 142643262 
 237782358 
 167478798 
 160867302 
 220899934 
 146700022 
 177434926 
 149119622 
 235335294 
 199371414 
 167695950 
 169718566 
 232946846 
 196083766 
 242472302 
 186856902 
 161772734 
 234002390 
 152211086 
 152275558 
 141424350 
 164008310 
 117776814 
 217075974 
 230302462 
 154832150 
 211791566 
 171780518 
 226367774 
 217000630 
 176182766 
 127906886 
 172554558 
 162990678 
 212809486 
 159355110 
 224650078 
 137808886 
 197030446 
 245784454 
 150075262 
 243601302 
 132785998 
 249544742 
 202397086 
 197817654 
 238581358 
 194597574 
 150347198 
 232889558 
 127500174 
 176338790 
 219443166 
 150414966 
 168256174 
 170757638 
 188115966 
 153727510 
 195444686 
 145585830 
 128004638 
 237625270 
 132396782 
 205001030 
 238281278 
 148524886 
 244934670 
 231013862 
 176659550 
 183476470 
 220721966 
 229497990 
 168788094 
 143684758 
 161216590 
 172903718 
 137932446 
 200632886 
 130783086 
 144961478 
 210388670 
 185147862 
 142012558 
 250504294 
 180709598 
 117980022 
 174597038 
 156191494 
 218445054 
 237066006 
 227758286 
 141181862 
 132041502 
 118822070 
 137795566 
 168095302 
 142691134 
 248910934 
 234494222 
 195488486 
 215340382 
 136902134 
 152040494 
 121231750 
 228559230 
 222583190 
 223627598 
 162093606 
 177964958 
 191946550 
 225261678 
 193137862 
 144764862 
 145303254 
 166388110 
 194416998 
 163635678 
 188338294 
 174548142 
 194349062 
 124157438 
 190938134 
 145154510 
 246648998 
 242672670 
 250661302 
 230127854 
 172378950 
 225522750 
 250239318 
 152128014 
 140859366 
 210669150 
 119720694 
 162952494 
 210392710 
 132256382 
 132169366 
 156441166 
 170977062 
 192471198 
 159175734 
 157112686 
 225880518 
 158996670 
 167881686 
 171266702 
 230375014 
 172415710 
 214689142 
 205858222 
 171984134 
 244991742 
 204087574 
 186708686 
 147414438 
 195656990 
 217906870 
 178706926 
 238823494 
 155426110 
 207035990 
 236911374 
 155206886 
 166840158 
 119349238 
 156988974 
 249516934 
 219618174 
 195404694 
 198732622 
 153416742 
 185645470 
 223955254 
 232520302 
 129943238 
 190169534 
 173191382 
 127288206 
 178023270 
 211243998 
 184449654 
 172058286 
 244285958 
 249597950 
 196822550 
 188842958 
 199994022 
 129406494 
 142193590 
 155499246 
 119964998 
 137922110 
 173826902 
 191048718 
 192393702 
 222265438 
 123204854 
 171898670 
 125358214 
 159294590 
 198379670 
 186924110 
 197493030 
 161682078 
 239484470 
 220797806 
 194732998 
 175368894 
 215758294 
 139310222 
 125442150 
 150097118 
 219254646 
 245114798 
 163790598 
 209279230 
 223669014 
 122197198 
 224032678 
 182333214 
 145156278 
 198253550 
 239428166 
 244313918 
 205138006 
 119397646 
 206282470 
 246921566 
 118704630 
 245430318 
 127323526 
 156806526 
 195620246 
 225873230 
 122850854 
 124775326 
 193180470 
 159693934 
 172785862 
 185897918 
 215890646 
 177972622 
 160712038 
 127387102 
 172303478 
 194341038 
 219905030 
 195338750 
 204935190 
 225846734 
 173393062 
 224413726 
 214212022 
 210500846 
 215531334 
 143251518 
 221277526 
 126815758 
 150735846 
 245002846 
 227483382 
 146897198 
 142166662 
 149239422 
 241652374 
 152002126 
 151788326 
 213337246 
 206678070 
 221175150 
 219291078 
 158842046 
 228114390 
 213915278 
 237695590 
 147308254 
 165230966 
 191703470 
 165165318 
 144861950 
 195147030 
 201995982 
 136155558 
 125624606 
 202560182 
 229989870 
 203463750 
 174473534 
 142553686 
 183942926 
 248051942 
 220703582 
 168522742 
 182483502 
 190859142 
 207896446 
 122566550 
 204386126 
 238168102 
 163126686 
 133176630 
 174554734 
 221002438 
 165504446 
 172737750 
 217778062 
 176037734 
 214054878 
 185454198 
 140733102 
 154760710 
 129151998 
 248830486 
 155502542 
 200400550 
 158595614 
 231835574 
 160251630 
 224196934 
 140847678 
 157710166 
 127201294 
 183657958 
 178218078 
 197675254 
 121502510 
 160154758 
 135645310 
 161324182 
 219447374 
 201635110 
 246773406 
 228528694 
 191799150 
 198891462 
 142970558 
 238504406 
 160200846 
 198036582 
 197603550 
 220390262 
 213396398 
 209662726 
 219512062 
 152076054 
 191224014 
 185772966 
 193303326 
 155237558 
 173252590 
 164484678 
 247894846 
 187055190 
 195666190 
 179852006 
 121740638 
 168140278 
 135920686 
 205242758 
 138006910 
 144015766 
 167825742 
 130269734 
 200036254 
 211715894 
 176439406 
 173929670 
 162543550 
 211504854 
 146041230 
 123337062 
 236366302 
 123238518 
 179006638 
 216625158 
 218809854 
 227845142 
 145582542 
 180353190 
 233942046 
 228618678 
 172523758 
 179516230 
 164265022 
 150896982 
 225759758 
 190496742 
 189683294 
 201552630 
 129269038 
 212876934 
 152066686 
 125167254 
 154378830 
 246370086 
 161327262 
 204373046 
 166224238 
 167088582 
 161308862 
 146265046 
 145939086 
 174237286 
 200319710 
 149851510 
 209530286 
 196619526 
 198348542 
 128010518 
 123435726 
 138003878 
 150488350 
 170960566 
 195813870 
 156045382 
 229696830 
 237979222 
 188121870 
 169454822 
 117804894 
 151111670 
 139296302 
 204028806 
 249127806 
 159304598 
 149746510 
 235363366 
 134840734 
 193917238 
 198902382 
 199339718 
 210569662 
 231528662 
 130534286 
 170382182 
 227875806 
 153428598 
 208498350 
 170617350 
 229431294 
 175533590 
 229641166 
 146805414 
 215571998 
 238115766 
 146653934 
 249261382 
 247057982 
 234392406 
 187610126 
 204806630 
 178735198 
 138452214 
 203751214 
 199669894 
 232057982 
 166736022 
 124568654 
 185329958 
 124770974 
 167765558 
 178004846 
 157436870 
 247411390 
 119168470 
 204684430 
 199852134 
 189011166 
 121386870 
 213659566 
 159590150 
 249143550 
 156504854 
 166403278 
 160620454 
 164951838 
 149065910 
 197010414 
 211700294 
 153433918 
 194662486 
 194864398 
 250414822 
 242450782 
 150991350 
 226164782 
 220771718 
 172160382 
 201987478 
 183702862 
 184350246 
 135312286 
 247552822 
 141280366 
 196569286 
 208919486 
 132145878 
 204811662 
 216509798 
 222137822 
 175361142 
 128544942 
 184509446 
 194570750 
 125450262 
 172797390 
 133311654 
 137039902 
 159663542 
 250414318 
 198551366 
 154345534 
 173315414 
 180524558 
 125924326 
 178928222 
 176146166 
 244285742 
 154088070 
 140738174 
 185367190 
 163571278 
 186286886 
 170658974 
 152260662 
 126477678 
 203490758 
 166397118 
 190769110 
 235773582 
 174217830 
 197232350 
 168550774 
 125120942 
 132129030 
 137016062 
 136895766 
 219463374 
 152959398 
 136030494 
 123108022 
 210396654 
 230786118 
 186878270 
 224877142 
 249448206 
 187850982 
 126579550 
 201333750 
 161645102 
 154808198 
 209094526 
 171401110 
 169031502 
 145002534 
 235005342 
 137741622 
 171345518 
 199172806 
 191147454 
 215346390 
 133992334 
 161056614 
 118489054 
 222590582 
 241136302 
 157638150 
 147782654 
 245367318 
 142823374 
 173426342 
 166117918 
 161034166 
 248923886 
 195158342 
 188117566 
 135438166 
 238057486 
 121621990 
 223816798 
 213971190 
 150209326 
 243903622 
 180097150 
 214615190 
 170723406 
 148577574 
 198327966 
 191412790 
 179414894 
 204586950 
 220255934 
 126185942 
 138543246 
 130888806 
 124319966 
 190679926 
 245904302 
 147790598 
 163955966 
 236955414 
 181952718 
 148575142 
 231496478 
 126641334 
 135309294 
 246857286 
 229366590 
 227959894 
 251209998 
 149535462 
 206398814 
 201475574 
 247727150 
 173910406 
 125049214 
 235317654 
 139286862 
 150874662 
 199038878 
 166473526 
 188434542 
 240704710 
 190807998 
 246249174 
 220066190 
 171794790 
 218919390 
 194453622 
 177173678 
 123557894 
 122621438 
 166186006 
 173273550 
 166486182 
 202142750 
 141564342 
 175737070 
 138419014 
 247710782 
 154315094 
 125327886 
 225454054 
 212737630 
 151263990 
 223511854 
 234235526 
 249471614 
 153816726 
 179579470 
 239974182 
 241332382 
 184558646 
 236153198 
 194279878 
 174106814 
 227408854 
 214983310 
 237637222 
 138046174 
 221328758 
 206910894 
 240129286 
 229299966 
 221802774 
 221643470 
 181022118 
 216468766 
 193220278 
 139520494 
 159250502 
 180235582 
 237465174 
 233704206 
 169022694 
 247027550 
 184971254 
 249529902 
 177415046 
 222014334 
 158856086 
 128023374 
 235521062 
 195185054 
 233085238 
 226101870 
 220501702 
 241455550 
 124190934 
 228152206 
 148061030 
 154330078 
 124504694 
 238646958 
 250040838 
 152641534 
 189896214 
 163484622 
 146045606 
 144451102 
 134808502 
 198626030 
 196105542 
 232461886 
 129282902 
 144325646 
 202539494 
 179245150 
 155796726 
 229312302 
 158638214 
 248198270 
 170743958 
 223693902 
 225595686 
 199008926 
 165252662 
 196029294 
 206123974 
 195721918 
 125339094 
 230212750 
 125364326 
 137747678 
 159833974 
 175912878 
 174264070 
 232384766 
 124992278 
 237872334 
 149637030 
 124501790 
 222181558 
 122366958 
 135737926 
 207257406 
 152729686 
 230485262 
 145649382 
 147802462 
 185375222 
 200607790 
 198876550 
 130891134 
 244006294 
 168795470 
 164060710 
 122780574 
 236913462 
 183684206 
 172118214 
 242426814 
 151161558 
 191804814 
 123409766 
 226711006 
 180515958 
 190675118 
 167988230 
 137179646 
 215834646 
 147011022 
 145659046 
 160815134 
 174321078 
 216927470 
 133336902 
 175925310 
 228113750 
 194387470 
 220650470 
 156893790 
 126906102 
 201165102 
 184883846 
 209831550 
 164733590 
 202403406 
 138996518 
 239129758 
 167049270 
 226815342 
 139455942 
 184437950 
 121966550 
 217785998 
 230277734 
 156978910 
 173967734 
 186464686 
 117967110 
 206764798 
 248513814 
 129976014 
 222192038 
 123367710 
 247079606 
 251620846 
 209873990 
 209768766 
 141525590 
 140889870 
 247187686 
 210713438 
 236241910 
 134515246 
 137631622 
 153669502 
 121669526 
 160939854 
 238483494 
 149597598 
 211512630 
 228953710 
 129108678 
 227276222 
 226497750 
 144578446 
 131395430 
 201181150 
 127606390 
 201030318 
 179389958 
 244007934 
 143338006 
 157407182 
 198880934 
 150571550 
 159438774 
 129978094 
 117885254 
 245873214 
 215926614 
 174850062 
 179123686 
 179237982 
 232364278 
 172624686 
 212309126 
 167925886 
 169340054 
 149262414 
 147948838 
 126813854 
 223502902 
 227848046 
 162047942 
 173809342 
 250845654 
 211257486 
 183278694 
 229294302 
 163066742 
 137903022 
 239010566 
 185994494 
 223268630 
 199944398 
 163806118 
 246620958 
 167251126 
 158183406 
 146777670 
 221324094 
 237407318 
 132690190 
 238756582 
 200879454 
 236908022 
 219024430 
 161452422 
 189686142 
 228053398 
 138010958 
 223908390 
 174972830 
 190437174 
 127029358 
 125027526 
 229558206 
 249536214 
 120027534 
 205572454 
 245512670 
 133548150 
 169049262 
 183582726 
 238245374 
 140178454 
 228227534 
 205047974 
 147274782 
 123716022 
 239767790 
 183305030 
 207424574 
 126275926 
 119267854 
 245731302 
 145614430 
 237290230 
 177245486 
 140250758 
 156035710 
 218117782 
 232043086 
 151789350 
 164051102 
 233950262 
 232681838 
 173236678 
 197390526 
 142877654 
 244181646 
 152139366 
 119812830 
 160685430 
 198000046 
 168295686 
 203628286 
 217028886 
 212896462 
 142251430 
 125162782 
 150468278 
 144044526 
 248438854 
 141260094 
 205493846 
 239440654 
 153910502 
 151854942 
 220927990 
 219254318 
 169675654 
 138277758 
 194059158 
 133563214 
 153889830 
 232460702 
 207241526 
 179901038 
 193429190 
 148609470 
 119613654 
 151706510 
 245277542 
 124824542 
 231895670 
 128286382 
 214120966 
 153446398 
 239910422 
 124591054 
 197714598 
 184479262 
 234924982 
 177197806 
 228932934 
 228351550 
 126933846 
 195413006 
 185592294 
 223795294 
 175238390 
 248581934 
 136480902 
 207715454 
 210403478 
 215864398 
 184072486 
 250178206 
 231945782 
 140653422 
 206576582 
 154518206 
 234270166 
 215895182 
 170414182 
 130524382 
 200378230 
 131874734 
 207812358 
 159002878 
 129131286 
 202386638 
 191082406 
 195200798 
 230285494 
 242758638 
 145758790 
 137348926 
 213557334 
 226260238 
 160421606 
 231412062 
 221856246 
 168759342 
 195855750 
 167216510 
 187458966 
 181151054 
 196199974 
 221397918 
 161262390 
 152687726 
 233650374 
 152202174 
 138719958 
 138952078 
 149847398 
 141106654 
 187767926 
 246513838 
 170341382 
 157383166 
 207652886 
 148487630 
 210435238 
 161521694 
 123966902 
 244258030 
 154105670 
 207990846 
 251454806 
 168404494 
 166478822 
 178899550 
 213980918 
 151753006 
 234553990 
 222301822 
 179751574 
 134280782 
 144134950 
 150314142 
 251043894 
 119534958 
 161404358 
 212964542 
 155924438 
 159952526 
 137439846 
 160765662 
 181481846 
 241516974 
 122679558 
 219890430 
 127347990 
 201969358 
 209635750 
 221853982 
 171821750 
 219444718 
 140727366 
 243145022 
 160934486 
 126703374 
 157626598 
 204669790 
 139029494 
 235311662 
 139329414 
 175839102 
 241807254 
 180111182 
 250175526 
 175338910 
 220271926 
 213161582 
 145027782 
 139673022 
 206191830 
 249536398 
 221271910 
 193695710 
 168937078 
 154632878 
 220016134 
 149392382 
 211178006 
 199253966 
 142546598 
 246174238 
 227049398 
 206067438 
 126595398 
 179896894 
 130740054 
 206014478 
 221945318 
 178699358 
 118636790 
 188748590 
 199588998 
 233349246 
 159716502 
 155064398 
 199748902 
 166448798 
 190581302 
 202880878 
 205492166 
 137848510 
 209830358 
 244125838 
 220988518 
 244091102 
 137550710 
 157828014 
 214887174 
 151409918 
 245233430 
 245199054 
 231465894 
 238676766 
 142849206 
 241874926 
 132681286 
 223767358 
 215397462 
 242759950 
 179079910 
 239400286 
 140219894 
 184030254 
 167868806 
 197699966 
 122222998 
 163998030 
 215153190 
 127838110 
 149389110 
 126441582 
 229551302 
 144576446 
 221365974 
 248578446 
 224670054 
 181928414 
 208957558 
 154633390 
 128264198 
 163028478 
 149822486 
 176226766 
 161820838 
 203555870 
 175073718 
 230398190 
 179956550 
 177624126 
 200997206 
 207579662 
 251328486 
 122531422 
 191195894 
 124687662 
 199358086 
 140194430 
 183852694 
 177551950 
 250251046 
 197918878 
 218330166 
 155810158 
 238176710 
 231159998 
 161106902 
 233534094 
 186179174 
 145619678 
 236356982 
 182797742 
 249554182 
 121333502 
 247906582 
 231412430 
 155909542 
 145005854 
 176922294 
 209385966 
 155174982 
 246988094 
 142065238 
 205331214 
 124118246 
 234940254 
 124764150 
 182687278 
 180810630 
 132135806 
 130696086 
 166366030 
 124687398 
 246667678 
 250603830 
 194517614 
 118122182 
 200466878 
 217796822 
 169632654 
 193596262 
 139359198 
 207166070 
 145852078 
 197075462 
 231845886 
 191358486 
 247178190 
 167594662 
 201438750 
 135812022 
 216586990 
 213525830 
 234726974 
 227345238 
 206654478 
 153965030 
 178167902 
 196777206 
 127342382 
 133197958 
 244827262 
 151496854 
 235297870 
 194978086 
 144061086 
 233627190 
 146094958 
 158794694 
 123800254 
 177526230 
 161731726 
 200783974 
 167341278 
 243019638 
 215762862 
 126017286 
 163215614 
 168921878 
 194163918 
 150738854 
 242831134 
 173377718 
 155532270 
 241762886 
 212143934 
 242927702 
 182189326 
 160513766 
 224844126 
 126216694 
 130619438 
 211709318 
 146918782 
 166563222 
 220769614 
 146550310 
 162728862 
 154817334 
 182508654 
 246948038 
 206681022 
 229038806 
 180471182 
 161604966 
 233760222 
 197117046 
 161843374 
 191568902 
 120963582 
 235122710 
 177227214 
 193422502 
 139159582 
 142818742 
 198188270 
 126639942 
 250542142 
 243338582 
 236793358 
 231844838 
 244945502 
 168935158 
 230267182 
 168880774 
 178148990 
 230421142 
 227638862 
 201702182 
 172647582 
 135809078 
 207289710 
 135118278 
 117759166 
 158425046 
 196490894 
 164139622 
 208592606 
 191093110 
 156060078 
 146266374 
 176392958 
 176051478 
 167007950 
 249508262 
 163053854 
 165769910 
 248085998 
 157563974 
 152789310 
 148886102 
 206888718 
 187603174 
 242666334 
 178131958 
 195598894 
 159901574 
 141385598 
 129161110 
 226545486 
 180078630 
 178011550 
 164019510 
 123969134 
 246930118 
 196773310 
 154428630 
 180430734 
 162250598 
 230250462 
 212364918 
 236161710 
 145298950 
 132371454 
 180451862 
 134145998 
 138641062 
 184490526 
 229648310 
 208756462 
 221288774 
 124406334 
 148313942 
 197333006 
 250086886 
 222200926 
 141224182 
 198581038 
 205743238 
 242149502 
 185744534 
 188129358 
 169760038 
 183015070 
 226865718 
 238731118 
 200701894 
 246591166 
 137357782 
 237148302 
 244018278 
 168710366 
 248349558 
 171461550 
 209638150 
 194419966 
 168632086 
 183498958 
 217336742 
 207663902 
 187653302 
 117948398 
 204568134 
 236696382 
 161930326 
 178766094 
 238940902 
 187743582 
 179846646 
 142744622 
 193159558 
 149090686 
 186261910 
 217248078 
 124609062 
 191852446 
 177547062 
 186671214 
 151622854 
 204298174 
 161738454 
 203065742 
 229087590 
 162384350 
 152246390 
 133926062 
 226037766 
 165406206 
 195118102 
 151488974 
 171022502 
 236768286 
 161419702 
 147628270 
 128373574 
 158309438 
 244261206 
 121827854 
 242245606 
 143488606 
 147198710 
 200056110 
 143122054 
 201947774 
 185239190 
 150323790 
 132706086 
 208717982 
 137698358 
 139755886 
 120664518 
 141197502 
 147878870 
 183040654 
 205538918 
 215466718 
 179907958 
 161303982 
 215469318 
 250851070 
 180218134 
 142973646 
 221996454 
 141780254 
 138364598 
 201327086 
 147894342 
 228984126 
 181397078 
 131375886 
 213863654 
 227848030 
 164915190 
 139828782 
 210819974 
 203588478 
 237202326 
 226431822 
 147913766 
 237805982 
 228954422 
 135733870 
 128798406 
 128592318 
 150304982 
 147712910 
 127234918 
 197934046 
 184533622 
 157126318 
 198904326 
 119404542 
 178458134 
 128592846 
 189903526 
 195329566 
 240122806 
 182575854 
 149884230 
 251588158 
 162081622 
 178050062 
 241875430 
 176580702 
 220413174 
 134029102 
 148789382 
 225315966 
 128241814 
 147776590 
 124094758 
 149093022 
 170296886 
 212353902 
 196996038 
 237785790 
 223542742 
 201940110 
 216473702 
 248198366 
 153540470 
 159141806 
 197314310 
 245022974 
 244364054 
 213204174 
 162824102 
 133175070 
 185675958 
 129123310 
 155314758 
 163206974 
 240840790 
 232490254 
 145925862 
 128098654 
 166892022 
 220405806 
 246437254 
 204215678 
 181319062 
 153433422 
 149329446 
 215208862 
 217578294 
 138929262 
 212011206 
 137427902 
 153682646 
 182144398 
 158682470 
 236236254 
 208563318 
 205099182 
 231670790 
 162138622 
 164026390 
 233229774 
 228838566 
 227946526 
 230876598 
 212935918 
 185157446 
 169361470 
 203765078 
 131118606 
 148313062 
 220813918 
 125986550 
 168272174 
 122081926 
 211590782 
 182524566 
 214042190 
 177480486 
 171912350 
 223998006 
 221644142 
 194815430 
 167257278 
 129468374 
 193183374 
 176159334 
 166242014 
 202801526 
 198529454 
 188727558 
 210490110 
 126188822 
 159309518 
 207591846 
 215402782 
 228924086 
 203326958 
 126166086 
 207137086 
 239598166 
 247228174 
 202899686 
 190485342 
 219331574 
 149594670 
 199348102 
 184526718 
 186384278 
 166025038 
 162410534 
 157615518 
 176973110 
 229811822 
 166380230 
 130141630 
 205425878 
 205696910 
 222766950 
 176627678 
 123672182 
 177181358 
 223673862 
 192945150 
 185377302 
 230518734 
 187164326 
 233955870 
 167235510 
 138045166 
 133529926 
 213619262 
 134430550 
 148805646 
 129330662 
 175524958 
 165908726 
 202122030 
 230771846 
 194326654 
 247424150 
 248457294 
 192199974 
 176512670 
 198138422 
 201181038 
 147677126 
 231601854 
 167645654 
 190324878 
 118150246 
 137369822 
 227027830 
 178803630 
 223263494 
 180806910 
 127682326 
 149061838 
 121418662 
 153582366 
 167445686 
 189057006 
 228220486 
 125893438 
 211223638 
 209144078 
 149904102 
 180127070 
 221570550 
 229385262 
 237324678 
 178076030 
 151734678 
 163543374 
 220711462 
 232798110 
 140693302 
 173500526 
 159677638 
 140287934 
 204871382 
 117707150 
 218825062 
 186880478 
 231850102 
 241145006 
 208467974 
 245378558 
 141847574 
 154014158 
 232652966 
 246912030 
 216971702 
 125675758 
 162773830 
 149480510 
 121850198 
 130447886 
 218482662 
 208485982 
 239516406 
 134915374 
 239978118 
 207078014 
 222277270 
 150358606 
 201807654 
 196448414 
 126272566 
 184519022 
 223353286 
 195938494 
 237411286 
 226919054 
 210218598 
 195136222 
 125556086 
 133518766 
 200258822 
 189527806 
 148181270 
 216015566 
 206294438 
 249703710 
 169012918 
 119867886 
 226596934 
 221465918 
 189271638 
 151792398 
 154711270 
 130578270 
 207163382 
 224896558 
 125485958 
 218418046 
 245142422 
 179542862 
 223568934 
 205875614 
 142293302 
 137767534 
 225457862 
 201421246 
 185573590 
 220165006 
 180411238 
 166331358 
 163998326 
 162109102 
 219607558 
 218775550 
 201209366 
 171488206 
 130423462 
 166151710 
 145204150 
 209382126 
 172225862 
 144717374 
 199578454 
 243817486 
 180888038 
 219033694 
 246146294 
 134424366 
 183255174 
 149181566 
 140638358 
 221736014 
 239857958 
 131056286 
 176172598 
 205212526 
 186962886 
 228039358 
 238101974 
 202302606 
 217483366 
 238877918 
 200376182 
 230447022 
 153267974 
 135989502 
 221240086 
 125289678 
 227338150 
 134668062 
 132962486 
 163531758 
 154849862 
 124755774 
 207296598 
 242945294 
 250875622 
 209611102 
 209664502 
 169682990 
 165821830 
 204889470 
 231726486 
 247577934 
 204537382 
 244620190 
 215327542 
 156167278 
 128839878 
 212878270 
 181086934 
 143971726 
 141079910 
 148534750 
 222106742 
 242063534 
 156429318 
 146690558 
 128581654 
 182277582 
 182465702 
 159447070 
 119705014 
 154283246 
 195440454 
 232884286 
 132734294 
 119815694 
 184318950 
 240722526 
 219352822 
 234203438 
 228375174 
 188409470 
 170279574 
 227708494 
 205687590 
 148108446 
 247175222 
 162598254 
 206278086 
 227241150 
 203272150 
 150029966 
 173498982 
 167931614 
 216607094 
 234707374 
 250063110 
 187964158 
 246195478 
 178874062 
 218104230 
 244683038 
 227066550 
 219385326 
 180751430 
 137752894 
 164635222 
 247721742 
 203516134 
 182344542 
 128410614 
 231516718 
 123451270 
 171044734 
 145041302 
 132767566 
 197171238 
 248368542 
 124914998 
 128036462 
 171813574 
 208213438 
 224965846 
 191117198 
 134385510 
 167045086 
 171294326 
 246127278 
 186705414 
 196895742 
 225954326 
 219936718 
 153898662 
 126134814 
 174028726 
 128151278 
 131754310 
 179100222 
 223307606 
 194650126 
 128112102 
 172889182 
 192690422 
 199371566 
 140457094 
 224098430 
 210537622 
 201830478 
 132850982 
 146941598 
 238617142 
 224448366 
 180635590 
 227098302 
 166476246 
 237873294 
 246037606 
 150069470 
 207803254 
 179854254 
 121545478 
 244788478 
 122384150 
 141887694 
 212147110 
 210649886 
 216444086 
 186765294 
 203638342 
 159793982 
 229059670 
 199676174 
 180404966 
 216550750 
 131173878 
 175516718 
 166146438 
 150438270 
 152859030 
 137101646 
 235024934 
 250675102 
 173045558 
 221147246 
 119497926 
 220981182 
 216547030 
 126720398 
 193882470 
 121199070 
 179333238 
 207854766 
 209772550 
 134510078 
 124228630 
 183802318 
 212494502 
 233987102 
 207511990 
 164540654 
 148939590 
 151137342 
 236417366 
 233439758 
 180039654 
 183305822 
 199713526 
 197700910 
 221490822 
 155585150 
 160749206 
 177656398 
 189120294 
 161110174 
 184052790 
 155881838 
 143589830 
 126947518 
 161268694 
 230951566 
 200218214 
 218845918 
 207519094 
 233659822 
 203922694 
 205799166 
 151795990 
 182102734 
 243021222 
 200340766 
 134649526 
 233443822 
 122847302 
 224433470 
 165688918 
 132363022 
 215096550 
 211566430 
 251508726 
 169455150 
 193244038 
 176624510 
 154516374 
 159916878 
 217435174 
 150876574 
 124838198 
 200618606 
 139665094 
 150518206 
 189384918 
 118553486 
 218907494 
 178768862 
 145560182 
 160800430 
 124967430 
 127305726 
 125394454 
 241646542 
 123372198 
 248122910 
 119491510 
 162788078 
 146332998 
 182550078 
 205618006 
 135521294 
 239438310 
 171309150 
 139758838 
 128528174 
 236595334 
 150641790 
 188686486 
 188740686 
 139614502 
 224168606 
 251254326 
 124670830 
 128695238 
 228778686 
 221203926 
 162819214 
 203812966 
 139379934 
 249309046 
 161243054 
 128096006 
 238768382 
 233767702 
 198855886 
 210063270 
 247310110 
 149455030 
 124539886 
 240368198 
 231008062 
 142295126 
 213554446 
 206927590 
 200946014 
 120316406 
 246886446 
 238298502 
 148940158 
 183567766 
 234767694 
 177956390 
 250962846 
 148065078 
 234222702 
 131651782 
 164596670 
 177033942 
 200170894 
 243015014 
 239091166 
 237747318 
 138518702 
 234279942 
 208837118 
 128788502 
 158588366 
 188521638 
 202096670 
 211957174 
 156447982 
 157488966 
 172675134 
 164463958 
 202884622 
 205644774 
 170453598 
 180598518 
 159625518 
 219325062 
 242822782 
 193686166 
 134420046 
 152105766 
 235453598 
 205340726 
 164369774 
 169506246 
 163493054 
 245618646 
 201248398 
 156158566 
 213661406 
 232509814 
 130376110 
 196055302 
 243032830 
 133418262 
 225701582 
 146827686 
 250894622 
 160197302 
 162043374 
 187102278 
 213072190 
 192432726 
 208369422 
 189452518 
 218243934 
 173804534 
 172929582 
 200646534 
 235157374 
 139349910 
 126773070 
 150143014 
 181835166 
 142062902 
 221296238 
 129012422 
 162553278 
 213048534 
 136691598 
 165541734 
 201502686 
 221013622 
 174564014 
 168611334 
 144223230 
 167965206 
 236617678 
 173061798 
 129462814 
 250027958 
 179074798 
 215961926 
 155066942 
 146509654 
 200648718 
 246431206 
 214293598 
 221569270 
 190329646 
 203234438 
 197247102 
 209302678 
 182466638 
 125930790 
 228519582 
 214084150 
 174315374 
 165359558 
 233080510 
 133849558 
 245575822 
 225027174 
 206809310 
 190675830 
 174613422 
 172919558 
 117929214 
 152737558 
 161976526 
 221086630 
 244648734 
 200430774 
 245290990 
 130821702 
 204180286 
 215438422 
 150362382 
 196225766 
 162796894 
 177092086 
 249574446 
 248060294 
 200395134 
 189634966 
 137922894 
 167549478 
 245483422 
 140386102 
 195393646 
 165301446 
 177942462 
 196765398 
 230105486 
 154259814 
 233775582 
 128913526 
 168273070 
 229951494 
 235453950 
 142261270 
 240853454 
 244764838 
 197993502 
 133040566 
 130005230 
 221088582 
 163279934 
 185309526 
 162368014 
 126916582 
 202165854 
 162007798 
 119977262 
 221877894 
 181686910 
 134872726 
 232217166 
 228861734 
 236920990 
 176821302 
 188062062 
 149809606 
 202660030 
 187886550 
 195138190 
 175537766 
 152378078 
 157361526 
 193291694 
 226460934 
 165447422 
 191062294 
 175452878 
 197959078 
 127909150 
 169492150 
 139401710 
 239298630 
 237886782 
 244866646 
 207305486 
 126584038 
 202377054 
 163733494 
 241940014 
 145658758 
 212425598 
 233759638 
 167553870 
 129512486 
 207026590 
 176589110 
 190069358 
 139855558 
 244318654 
 161738966 
 245531534 
 242723686 
 235246558 
 129219190 
 153200302 
 183419398 
 247648254 
 219448854 
 204850126 
 168749734 
 172807710 
 162984886 
 177011438 
 206423366 
 230868542 
 180200278 
 121596942 
 149090790 
 167624798 
 169686262 
 250558254 
 174592134 
 229696638 
 138168470 
 183008334 
 226017574 
 159994526 
 127106614 
 239164270 
 156410822 
 240003774 
 172848598 
 217707662 
 175462502 
 218139870 
 166121334 
 219965358 
 121798406 
 150706430 
 147729174 
 165467342 
 245217190 
 202665758 
 235153590 
 146365422 
 143434310 
 213528382 
 180054102 
 144317710 
 148299494 
 236321118 
 167283190 
 183580718 
 195431814 
 170585470 
 171060630 
 249220430 
 203804198 
 234236830 
 150008630 
 238877806 
 220446918 
 126800830 
 141523670 
 216524174 
 196052326 
 239470046 
 121267318 
 162900142 
 196787206 
 214360574 
 164646934 
 162162126 
 247006374 
 221677598 
 239197622 
 219430126 
 205520710 
 122951742 
 164736342 
 246107662 
 212290534 
 144224862 
 143941366 
 212973870 
 229149318 
 240612990 
 118526614 
 202612302 
 150952742 
 165512350 
 232712246 
 226958702 
 218717638 
 244448446 
 122290134 
 212620942 
 124138086 
 169213662 
 250509686 
 153971118 
 160921862 
 241478398 
 190510358 
 165574350 
 127979942 
 234037534 
 162534070 
 165518830 
 145218630 
 164659518 
 188772950 
 129171214 
 160708838 
 163965790 
 221295606 
 242268718 
 162498438 
 242646910 
 169310102 
 148041550 
 155543590 
 226450846 
 228416822 
 241155694 
 172194502 
 127378878 
 169673942 
 176637838 
 182017894 
 145782750 
 138612342 
 230927022 
 169391622 
 169145342 
 145627670 
 146343886 
 244653734 
 243939870 
 126797750 
 156597998 
 117717318 
 141519422 
 172472150 
 166801422 
 215852518 
 165520478 
 118327542 
 174996270 
 150668422 
 247990398 
 243719318 
 190365774 
 171439398 
 152811166 
 124539446 
 184999790 
 236066758 
 249548478 
 203983318 
 213432462 
 189336678 
 173371614 
 175645558 
 163081134 
 243168006 
 202882302 
 218742550 
 209328334 
 148237222 
 121361182 
 119405750 
 230416366 
 143988294 
 124834622 
 170359894 
 195420430 
 197366502 
 153083230 
 225107446 
 183122990 
 214630790 
 193728894 
 127844758 
 166007118 
 152502822 
 217223070 
 176932662 
 230457454 
 162870470 
 145389502 
 145526486 
 159426958 
 234174822 
 121956830 
 214808694 
 122399918 
 134787078 
 145556990 
 195945494 
 190949838 
 195246246 
 138931230 
 127775158 
 156287214 
 245003078 
 185908286 
 236962134 
 185668110 
 193331174 
 130848350 
 126399222 
 170179886 
 241139334 
 151165566 
 144647830 
 179823182 
 186814246 
 155445406 
 238795830 
 146841966 
 242012614 
 154640574 
 183047126 
 119478926 
 136177254 
 129950430 
 243518838 
 146632110 
 133655814 
 202690302 
 131762454 
 196065998 
 205325734 
 166626590 
 139323062 
 240394734 
 173297734 
 127608126 
 158369366 
 242402062 
 157609190 
 237227870 
 212273142 
 173915694 
 251165574 
 191603582 
 214436758 
 202453838 
 228236326 
 240107934 
 163328310 
 240337518 
 226029254 
 214387134 
 236853462 
 198445966 
 117642086 
 201546718 
 249193078 
 139308718 
 126528006 
 177149950 
 214937110 
 195316686 
 132338342 
 208641566 
 141466550 
 117834478 
 218279238 
 155455038 
 123325270 
 202044430 
 178280934 
 207980638 
 201710838 
 232079150 
 131463302 
 117910654 
 123302038 
 204538958 
 230631718 
 206969502 
 206382646 
 146039662 
 135891910 
 127496894 
 227253718 
 232750222 
 132431974 
 206722270 
 219248502 
 138178478 
 134375174 
 140239102 
 231559958 
 159341774 
 198582182 
 134952734 
 121622710 
 229008366 
 132483654 
 206534462 
 186355798 
 169452814 
 209209062 
 181518686 
 216347126 
 248201262 
 171439494 
 135607678 
 194205078 
 156718414 
 147863078 
 194442142 
 221158198 
 170132590 
 126789830 
 233708478 
 208773846 
 193031566 
 134409574 
 149671390 
 141102198 
 180990126 
 178168838 
 163260926 
 236156950 
 192998862 
 223702182 
 218189854 
 201426358 
 209011950 
 205317958 
 217931838 
 133551446 
 249484814 
 204256230 
 162036318 
 243599094 
 125813038 
 123630214 
 181780094 
 213236374 
 163849806 
 202228518 
 206720158 
 195072054 
 216147310 
 219694534 
 201671870 
 235939798 
 184147598 
 211655270 
 168806110 
 136388982 
 171274670 
 144662790 
 183300862 
 149036310 
 132710094 
 161560998 
 194111774 
 234076854 
 229811694 
 189318214 
 126732606 
 153655894 
 144344846 
 251502822 
 153727838 
 136666102 
 171098670 
 143224710 
 193513342 
 234921878 
 196573006 
 213372966 
 247997854 
 249759030 
 187614830 
 167142086 
 236907966 
 229059798 
 176738190 
 183813990 
 134103006 
 192525942 
 146780846 
 189046278 
 137444350 
 158941718 
 217550798 
 234456742 
 201130526 
 206991286 
 194938606 
 239673670 
 138457662 
 166977366 
 227325966 
 170593766 
 160787550 
 151400694 
 153371438 
 251194502 
 242110590 
 179569814 
 225527886 
 135159078 
 188251806 
 238418486 
 122283886 
 124321734 
 142284478 
 242659798 
 141443214 
 138966118 
 183974110 
 162712438 
 145257390 
 198073094 
 231212286 
 186181398 
 149725390 
 127816614 
 243440414 
 241804470 
 142141422 
 243138118 
 190192446 
 228041814 
 200632590 
 183827174 
 187409758 
 141002230 
 244597806 
 200075654 
 130439550 
 235923862 
 221354318 
 189884966 
 165894046 
 148467510 
 192120942 
 246422726 
 123322302 
 197048022 
 183120270 
 165192038 
 188395998 
 168583286 
 204453038 
 192714758 
 133254654 
 151063574 
 168309198 
 198156454 
 191018014 
 191715766 
 243386606 
 220683078 
 219022398 
 122939734 
 169122318 
 245065702 
 237788766 
 227105526 
 214091054 
 145057414 
 198238846 
 190074518 
 154692174 
 197195558 
 185118878 
 235758646 
 166439278 
 151763398 
 251324606 
 146750422 
 138191502 
 216354406 
 151562974 
 197555574 
 227898798 
 193942790 
 183310078 
 242331926 
 243942094 
 130903462 
 182275358 
 178359990 
 133769710 
 193280070 
 162032958 
 174632534 
 237652750 
 173954278 
 181901150 
 128692214 
 233817646 
 241329030 
 248376190 
 230765462 
 130399054 
 245171238 
 250120606 
 219273526 
 217205358 
 129750726 
 194941374 
 146292950 
 245732238 
 246315878 
 211887070 
 237046390 
 119125678 
 222728710 
 184246270 
 246076950 
 213046222 
 148355750 
 221406750 
 189154230 
 119474926 
 181900614 
 224745022 
 169210710 
 242646030 
 192791014 
 158158942 
 235832566 
 207308590 
 241426566 
 217937022 
 144087190 
 119114830 
 153456934 
 230875806 
 220646966 
 247950190 
 201356230 
 159693502 
 250201558 
 207946894 
 208939110 
 239344862 
 140255094 
 184317870 
 165826310 
 207366398 
 216824598 
 180479182 
 204375974 
 178388766 
 211515574 
 238250990 
 207516230 
 210026302 
 161200214 
 154742030 
 121220838 
 170756446 
 133290486 
 172312622 
 166321542 
 178224510 
 118783382 
 225697102 
 144350758 
 131578782 
 227296054 
 162204782 
 119115974 
 216884158 
 244566742 
 129693070 
 192304486 
 238130654 
 163034230 
 192788654 
 178424838 
 189755902 
 209100822 
 251098574 
 118609062 
 191633438 
 232861110 
 125193454 
 156880710 
 189179966 
 205126998 
 213016078 
 181541862 
 223887966 
 211136246 
 166578478 
 171203206 
 200541822 
 209379990 
 152350286 
 171715366 
 224859294 
 226637878 
 131935598 
 172436934 
 169381054 
 183914454 
 250046094 
 150274662 
 212438750 
 158583158 
 182286766 
 147278086 
 202717950 
 143213846 
 127108814 
 247570854 
 131117342 
 240607926 
 220704238 
 185183302 
 233509182 
 221299286 
 119672590 
 193399014 
 187530078 
 188351478 
 227854894 
 142825350 
 221974398 
 201967510 
 138149710 
 189413414 
 246476190 
 206089526 
 194891374 
 248072902 
 222705086 
 122770646 
 136992654 
 170930022 
 166463454 
 248536694 
 190560942 
 227575302 
 183337982 
 207907350 
 181802958 
 142470822 
 135252510 
 222173110 
 159878894 
 179177798 
 145881662 
 130025302 
 248004622 
 244872678 
 200094814 
 186570998 
 125455150 
 236377222 
 179607678 
 151071894 
 153735246 
 151307558 
 200623774 
 153068086 
 120385390 
 232777670 
 179723966 
 249878998 
 163825806 
 208133222 
 238616798 
 151876470 
 121142190 
 171852550 
 202919166 
 189271830 
 251603150 
 159824806 
 208233246 
 164973750 
 248901614 
 159835718 
 131818302 
 120048726 
 165998862 
 155607782 
 131558750 
 193211894 
 165563438 
 204394886 
 144744830 
 245436822 
 169746766 
 145478182 
 225714078 
 189208374 
 214601838 
 147522758 
 245958590 
 217112278 
 166967694 
 215746918 
 164657630 
 124455030 
 145996974 
 135299078 
 198546942 
 141833238 
 172931534 
 119277734 
 220036126 
 190644662 
 122867950 
 148128582 
 128404542 
 245895510 
 246948366 
 147902438 
 120333918 
 195691254 
 117493038 
 202067590 
 188689022 
 136935062 
 156824142 
 125787942 
 191723678 
 167709750 
 246853998 
 147497414 
 224276670 
 213214166 
 251275918 
 147633766 
 217215710 
 153689462 
 168656302 
 138886406 
 241524478 
 120117526 
 184863438 
 243127718 
 174855454 
 152385206 
 222179822 
 165027910 
 206943550 
 159438422 
 193057550 
 175619302 
 170614622 
 181426166 
 153210414 
 250366854 
 248525694 
 148528022 
 219824974 
 180317222 
 237064606 
 210207030 
 120672878 
 119455430 
 185981374 
 158492886 
 118954894 
 226091878 
 132049886 
 226996854 
 226868910 
 203586054 
 134719486 
 178650646 
 123821006 
 216801958 
 211103262 
 171830198 
 181932782 
 231505222 
 170303038 
 183638870 
 243401742 
 192621030 
 152377438 
 137833718 
 176246574 
 236046470 
 127122558 
 200523926 
 195171406 
 128710950 
 231713438 
 169899574 
 142242670 
 218586054 
 202375870 
 241692118 
 143297678 
 136548454 
 181789918 
 197576566 
 224165806 
 216151814 
 217870590 
 237740822 
 228879566 
 128380838 
 198756126 
 236396726 
 174093294 
 234314310 
 224003902 
 238805078 
 234403086 
 152770278 
 204034398 
 186548726 
 224350254 
 180077958 
 164218238 
 213230998 
 187721038 
 193267238 
 179864478 
 168422198 
 215094382 
 197425350 
 210545598 
 248902358 
 160726414 
 235519334 
 236412382 
 187063414 
 198295726 
 197555206 
 159627774 
 217696278 
 202243534 
 200162470 
 142008350 
 199284150 
 236410094 
 194426694 
 170913854 
 245245270 
 136701454 
 144147430 
 195562078 
 180770550 
 201052462 
 237650566 
 162680446 
 241175190 
 168113742 
 193631014 
 219929758 
 193191990 
 242759022 
 211162566 
 147575998 
 234649558 
 141880974 
 208431718 
 165893854 
 182874486 
 187007406 
 168767750 
 165511934 
 173042966 
 148770510 
 117574054 
 179271966 
 182127286 
 138196462 
 132813894 
 216553790 
 123267670 
 189372174 
 120615142 
 131154782 
 242134006 
 144101934 
 161300358 
 193812350 
 204664726 
 241207118 
 217882662 
 221885854 
 231626038 
 128767598 
 146551494 
 218987966 
 119241942 
 191618958 
 143365990 
 242864094 
 172426870 
 228049582 
 150760966 
 172608510 
 158306838 
 173318094 
 237131430 
 180523550 
 172343222 
 185636590 
 204665158 
 163791422 
 195833686 
 228837390 
 170253798 
 149224542 
 223838454 
 225465134 
 240434310 
 194699390 
 158225558 
 243423310 
 219884838 
 189927070 
 136923702 
 179304302 
 158781382 
 227649214 
 225640918 
 146362510 
 128402534 
 203081950 
 143137654 
 224953262 
 164506374 
 118002942 
 228013846 
 246526158 
 244261798 
 149957406 
 157349046 
 148043758 
 162516550 
 218147646 
 249033814 
 225736974 
 246926054 
 119747934 
 247518710 
 214455342 
 227588486 
 236644734 
 156383638 
 145402190 
 153500198 
 128247710 
 164937526 
 163682414 
 134606022 
 244862910 
 205719254 
 245186958 
 251621734 
 184959454 
 216641654 
 215467182 
 230975494 
 207216126 
 168254486 
 204816846 
 227045542 
 225985566 
 124561846 
 197384430 
 161557318 
 182490174 
 203176278 
 150710798 
 170276838 
 181136990 
 166374134 
 148821294 
 143734406 
 122516094 
 119447190 
 186219086 
 241026854 
 175259806 
 168866870 
 119650670 
 229214662 
 207714494 
 248220630 
 190296718 
 198450790 
 192690910 
 246138230 
 237340078 
 236922118 
 243115774 
 167772438 
 153047758 
 139345318 
 144366878 
 195616438 
 237189614 
 222758982 
 128122174 
 247004758 
 242834190 
 162604262 
 203368286 
 236257270 
 200529454 
 144061318 
 192052094 
 236159894 
 202296142 
 167892006 
 200939934 
 136128822 
 219175534 
 195143366 
 187507134 
 139235542 
 220767118 
 191187814 
 230470622 
 219044470 
 194102958 
 203317766 
 162787326 
 146875926 
 196076494 
 203459238 
 177731102 
 223712182 
 170990318 
 232875334 
 126346814 
 166609750 
 204311566 
 177770982 
 190636126 
 176149750 
 138893102 
 249540742 
 248120446 
 158394518 
 164273230 
 156393766 
 209482398 
 188358198 
 231570286 
 187581382 
 121326270 
 201725398 
 173020302 
 183695462 
 168275166 
 122777462 
 123504558 
 151133958 
 171751678 
 160090902 
 170325198 
 239032230 
 196054814 
 196266166 
 170753006 
 212877894 
 248467262 
 150734934 
 140000526 
 169639654 
 147134814 
 241904118 
 135878702 
 212708742 
 227806590 
 209112470 
 177007950 
 160394790 
 205081502 
 178754358 
 194583662 
 227500230 
 214692798 
 221780694 
 151913870 
 129836390 
 144516574 
 213189750 
 197511342 
 235559942 
 207094270 
 127725590 
 180651470 
 199926950 
 203532318 
 234913206 
 140008686 
 183738182 
 163133502 
 119688534 
 154758670 
 226290662 
 211276382 
 152502006 
 229234990 
 188754566 
 202413694 
 174404246 
 211140174 
 133757734 
 191931550 
 228952118 
 145964398 
 201653702 
 136256702 
 119709654 
 128087694 
 117690982 
 163389150 
 209262966 
 185436590 
 209131782 
 205900542 
 238523670 
 197695182 
 174223782 
 204357918 
 192852662 
 250723822 
 166427718 
 210084158 
 127996502 
 219225870 
 167368934 
 118819678 
 163795958 
 188275246 
 198649734 
 243244926 
 243013526 
 237309774 
 164562982 
 174226846 
 192150838 
 123461230 
 131013318 
 225756606 
 218473686 
 206399374 
 235339622 
 229087198 
 232631926 
 125029038 
 227038726 
 239473662 
 144357910 
 192096206 
 250003110 
 202725918 
 191719350 
 137993966 
 181918022 
 192186942 
 230184790 
 169824270 
 215172582 
 142394462 
 128985334 
 184965934 
 129148038 
 153167998 
 201030806 
 226156622 
 206673190 
 156161694 
 189985334 
 164822894 
 170768326 
 151842494 
 169945558 
 223271054 
 168209510 
 211587294 
 136495990 
 188255150 
 176034566 
 244899070 
 168189718 
 134494414 
 246909862 
 202830622 
 218930358 
 242221038 
 251180614 
 180745022 
 212343894 
 245629198 
 189346534 
 151977310 
 169704950 
 122838062 
 135438726 
 137703806 
 237199766 
 148320590 
 213951014 
 141930398 
 209872694 
 173580398 
 207672518 
 120035262 
 162868950 
 149342606 
 138598758 
 249301470 
 176707702 
 144428206 
 211308550 
 159262206 
 230327318 
 129747406 
 118806694 
 208866334 
 127685046 
 198500590 
 126751558 
 247061566 
 128999766 
 148845070 
 177971174 
 151762526 
 139154166 
 173858094 
 238493318 
 133937790 
 137610902 
 242877006 
 140259110 
 135727262 
 239230006 
 187482478 
 128479686 
 201638078 
 117552086 
 223689358 
 234587750 
 212206302 
 206466422 
 165514670 
 219614470 
 188083966 
 251078934 
 148495054 
 222209446 
 225027358 
 173835958 
 178799086 
 232255558 
 194004286 
 168896086 
 118547214 
 134909158 
 145944414 
 158967798 
 241557038 
 190847878 
 213173118 
 225225622 
 212030286 
 207895590 
 141746590 
 131256630 
 244277870 
 222596806 
 199518654 
 222738646 
 148515726 
 141603686 
 238713822 
 213189238 
 155045550 
 221923846 
 134232062 
 150752790 
 161377230 
 242545318 
 121290270 
 210582454 
 220865262 
 186010950 
 227094078 
 118123350 
 125375502 
 148240870 
 138717278 
 216562934 
 229465902 
 147691654 
 178277502 
 151916694 
 160638030 
 236505382 
 164182686 
 141805110 
 247497582 
 242559942 
 184980158 
 130301398 
 162897038 
 216162406 
 198800606 
 184293238 
 150769582 
 239208198 
 203227390 
 118092566 
 139033806 
 133676966 
 170284830 
 225341622 
 228230126 
 143206982 
 149198654 
 165425238 
 139969806 
 171828966 
 134275422 
 165138934 
 175333422 
 129996166 
 234771838 
 240645526 
 193557838 
 179951142 
 207229854 
 124074806 
 234890350 
 209340614 
 229325758 
 163201750 
 237473166 
 143691110 
 230878686 
 241413238 
 190435502 
 158221318 
 197937662 
 207624214 
 186322382 
 117902502 
 241987614 
 205530550 
 238642414 
 124815174 
 165838910 
 231109974 
 132969998 
 159536102 
 136813150 
 126330614 
 251126062 
 158732934 
 185523838 
 143284886 
 147211854 
 126313254 
 140864670 
 199700534 
 244204910 
 143910342 
 135423166 
 241747926 
 208666254 
 146487910 
 204924638 
 237748598 
 177574318 
 134152454 
 189666046 
 205438230 
 139665102 
 149084582 
 206375198 
 138566326 
 155633134 
 151807046 
 214100286 
 235485782 
 209233678 
 199442662 
 150524766 
 221772790 
 226157102 
 120655750 
 236054398 
 182796182 
 126457678 
 163672102 
 237716894 
 221881654 
 178972270 
 201458374 
 243011006 
 152030422 
 181333902 
 178415462 
 125132766 
 160716406 
 149934766 
 187973126 
 249715710 
 166060566 
 238137294 
 181085862 
 201859614 
 146083766 
 151168750 
 245154118 
 231068222 
 233078614 
 205182990 
 245411302 
 179604574 
 170447094 
 138175278 
 170953862 
 189231230 
 145269910 
 236152910 
 245890342 
 233545374 
 178035254 
 211158894 
 134520774 
 220739262 
 217010646 
 126115982 
 193336422 
 129915102 
 131951478 
 145265582 
 206437126 
 180954366 
 144017174 
 183943374 
 167768998 
 232635166 
 215499958 
 128780270 
 157392454 
 153828158 
 144196694 
 225675534 
 251304678 
 228246878 
 228206070 
 159147054 
 196381062 
 250575230 
 219449750 
 178501966 
 192612902 
 132544414 
 189796150 
 244295790 
 232504518 
 139911102 
 222779094 
 147870094 
 145113446 
 223465950 
 138870902 
 201315502 
 210515974 
 188902910 
 193834006 
 216158670 
 197214374 
 168678430 
 200014262 
 126216430 
 177929030 
 187900990 
 157583702 
 241351182 
 170985446 
 166428254 
 248249078 
 192603438 
 217908870 
 222954110 
 191426198 
 192580174 
 226137894 
 207343774 
 244581430 
 181913966 
 247945670 
 206047422 
 223861718 
 217236110 
 121826918 
 141544158 
 168891766 
 221615534 
 221181190 
 210646782 
 235819286 
 171205326 
 223284646 
 148401438 
 221261494 
 181225966 
 193517638 
 136154430 
 193547862 
 222849806 
 226751718 
 132560734 
 217993206 
 142075438 
 122291078 
 177671038 
 249942934 
 249027406 
 166110246 
 193702302 
 195590454 
 195979886 
 201815750 
 222015934 
 140566742 
 170636174 
 211557222 
 156779486 
 209431158 
 243914414 
 125186566 
 183271422 
 190281238 
 153940942 
 199842470 
 175998494 
 132441014 
 197339886 
 225129798 
 204109374 
 172397398 
 140811278 
 238248422 
 130838622 
 124855542 
 179529518 
 198934662 
 186029182 
 181090454 
 184265806 
 234828070 
 230032030 
 164458038 
 190024558 
 249304006 
 124902078 
 161637846 
 247145614 
 233949286 
 139148510 
 247906166 
 171743150 
 211939078 
 178079998 
 245963542 
 135005390 
 214968230 
 121446174 
 189405366 
 212306926 
 159519302 
 194633534 
 148658262 
 234310926 
 159338214 
 165456222 
 224688630 
 208496686 
 200375686 
 185113982 
 173612438 
 237370702 
 117718566 
 186309534 
 138601270 
 201796718 
 142946502 
 120226750 
 207383254 
 148968846 
 142865766 
 227063262 
 137516150 
 177068206 
 233974790 
 132157950 
 188956694 
 219256270 
 222524582 
 123156510 
 245353910 
 129658094 
 151875398 
 179030078 
 176856406 
 205553166 
 212319206 
 240607838 
 236474102 
 132507950 
 147585670 
 246228606 
 147817110 
 244764238 
 171297574 
 200946846 
 239654966 
 134827374 
 172150214 
 145075390 
 198111190 
 249398926 
 160604774 
 156282590 
 134113654 
 163420590 
 212265222 
 251026174 
 208004374 
 243115726 
 176374182 
 185323806 
 153486006 
 121359854 
 223169606 
 228602174 
 177300054 
 159395598 
 216836326 
 226270046 
 147629046 
 123529774 
 195753862 
 172240766 
 158230422 
 177086286 
 215210022 
 143920542 
 186600758 
 161082990 
 223668934 
 136533438 
 188347606 
 250640270 
 241028966 
 199436254 
 225115766 
 168549038 
 167781894 
 203334654 
 223414806 
 177223630 
 164597414 
 177924638 
 169654198 
 225160942 
 125937990 
 146217534 
 204515158 
 200695822 
 126752230 
 126637150 
 214006006 
 219310894 
 231634054 
 168671358 
 125160598 
 139194446 
 203318566 
 153642654 
 235291190 
 184094574 
 184256454 
 165904062 
 232618454 
 123332750 
 203783270 
 226500830 
 129504118 
 230202286 
 121496326 
 194604286 
 155496214 
 126437582 
 141056934 
 239371038 
 147057846 
 210374638 
 149587526 
 137397054 
 178809942 
 165875982 
 164365030 
 214338910 
 154586614 
 189164590 
 141980038 
 172605822 
 237351318 
 235946318 
 223703590 
 234307486 
 238925622 
 241610862 
 209102022 
 170272702 
 251231958 
 240769422 
 136948070 
 241670622 
 237348982 
 117693614 
 228597766 
 161920510 
 192992278 
 195615182 
 193833126 
 239639582 
 207331766 
 248967406 
 180872006 
 139226174 
 154710358 
 159793678 
 149319654 
 225134174 
 225223414 
 205057326 
 216198790 
 121129598 
 146675350 
 169546318 
 230227750 
 121673886 
 184921142 
 237162862 
 184959430 
 220942526 
 164496342 
 170936974 
 128603750 
 249139934 
 133414262 
 137207214 
 241622278 
 176586494 
 121993494 
 221178574 
 142570918 
 182924574 
 203675318 
 244470254 
 240762950 
 223008062 
 186742358 
 153088782 
 169696486 
 163217246 
 144898038 
 170520110 
 206826374 
 219763582 
 176094102 
 179069774 
 176753702 
 222589342 
 194912566 
 208499310 
 132800198 
 120781246 
 161155286 
 152910734 
 132612966 
 118885342 
 207770230 
 192274094 
 181541382 
 175687678 
 131243542 
 173767630 
 209568422 
 207638046 
 123505590 
 234631918 
 216014150 
 191610430 
 195214166 
 250618894 
 179358182 
 167000158 
 169463030 
 123301678 
 134834310 
 137157758 
 245915798 
 235156558 
 151361830 
 138594974 
 122099254 
 193368942 
 207813574 
 209527486 
 161517014 
 157330574 
 237056102 
 123536606 
 179398518 
 186425262 
 203544326 
 230527230 
 141050646 
 158239950 
 214470566 
 183756574 
 222675126 
 122983406 
 127597126 
 250554174 
 234651734 
 154588430 
 132167398 
 240677214 
 152117750 
 235368494 
 155411846 
 213050750 
 142230934 
 174228814 
 242132518 
 142320542 
 222333750 
 229520494 
 162535622 
 155831230 
 220107478 
 154836366 
 127360358 
 133070302 
 169933942 
 157409454 
 194384902 
 143972862 
 205940758 
 145235406 
 245357734 
 249692190 
 220165558 
 215708910 
 130701126 
 202707006 
 225363286 
 238290446 
 250422246 
 120007262 
 214497014 
 141816110 
 155312774 
 250310270 
 188000918 
 235361870 
 134492966 
 237960350 
 214597686 
 220484974 
 152155590 
 165213374 
 123017174 
 250285710 
 160041574 
 151680734 
 166793590 
 142975406 
 175034630 
 121545470 
 246222102 
 239611598 
 121874854 
 141203742 
 237611702 
 147903982 
 246297670 
 119372094 
 221874774 
 203929358 
 219549926 
 211837790 
 209800182 
 148828718 
 155508614 
 186021758 
 169316246 
 120760142 
 184959014 
 161273246 
 220525878 
 204011118 
 197644998 
 174759358 
 193207510 
 145883022 
 154744678 
 183562206 
 157394550 
 180871854 
 166465030 
 234548222 
 182202902 
 143572942 
 200537766 
 130920990 
 128212918 
 225752814 
 226922822 
 206070334 
 144494422 
 156362766 
 127630822 
 117709918 
 125444342 
 159937326 
 176970886 
 225706110 
 140702870 
 203716686 
 213175590 
 184888990 
 227535414 
 217847662 
 185757638 
 121554622 
 216768982 
 214921358 
 199550054 
 232909022 
 129153910 
 174629806 
 189647622 
 151631102 
 202626838 
 230412494 
 166773670 
 223038238 
 147821750 
 218568686 
 227765830 
 131451710 
 181965910 
 200448270 
 196963046 
 244471134 
 217282038 
 212890670 
 240671110 
 172231038 
 156686742 
 186435918 
 173005350 
 178784158 
 223043382 
 165525614 
 137465030 
 211120062 
 248227542 
 159605134 
 248320358 
 169697758 
 203706486 
 161997998 
 131336198 
 212532734 
 227802134 
 202334670 
 242880678 
 153314334 
 149637558 
 164100334 
 135580486 
 235254846 
 120379734 
 172608014 
 247191526 
 193662558 
 204294902 
 211219758 
 233363078 
 231117438 
 137576086 
 173775438 
 152528678 
 147153054 
 194466870 
 219011438 
 207956422 
 246323390 
 207891414 
 219009678 
 120700518 
 132340446 
 234251638 
 180725166 
 146720006 
 220120830 
 178037014 
 164197070 
 248503718 
 194379038 
 121077430 
 234314222 
 239773766 
 186129726 
 148479574 
 177699598 
 232178918 
 237913950 
 208117750 
 192673326 
 176018310 
 205233022 
 137896854 
 136375118 
 239825958 
 228407710 
 129222966 
 147618414 
 149767878 
 164250046 
 150286550 
 229557134 
 173206374 
 125031390 
 208206454 
 134342318 
 122552838 
 245698558 
 242075158 
 220857294 
 137505446 
 216208926 
 183776182 
 198523630 
 158664006 
 189597246 
 186573654 
 186362894 
 240005606 
 247201886 
 216167670 
 195000110 
 223826054 
 165880958 
 212174998 
 179092558 
 120324390 
 158306974 
 148946486 
 123313006 
 118088646 
 170420926 
 129938902 
 161887374 
 225482854 
 151964894 
 247205750 
 194815918 
 214023942 
 226351358 
 206007062 
 208737486 
 132183974 
 222998302 
 190933174 
 228695022 
 181658182 
 182742846 
 154970198 
 169237774 
 224534246 
 225720670 
 215861750 
 121731118 
 129322374 
 184364414 
 146501014 
 138349902 
 150539814 
 209480606 
 241054518 
 183843950 
 133890246 
 201921470 
 201374422 
 120857998 
 231392614 
 217335262 
 204448886 
 131459246 
 173669382 
 233382398 
 124358678 
 232695246 
 186401958 
 218941470 
 129965494 
 228359406 
 195510086 
 236869694 
 242412886 
 231181838 
 139627494 
 177664606 
 194617078 
 144832814 
 181914246 
 197768830 
 129618582 
 119004750 
 150117158 
 117687454 
 124528694 
 232742254 
 218144198 
 195837118 
 150683606 
 211326606 
 144798310 
 191119070 
 201570678 
 250456494 
 156678406 
 203877118 
 185873686 
 129152718 
 119804326 
 208232734 
 122507958 
 235265518 
 221191238 
 154845502 
 234992214 
 208617230 
 207583462 
 241445726 
 139850742 
 167836206 
 134137734 
 143179646 
 216053654 
 225914702 
 207136806 
 155557278 
 189439286 
 173538926 
 123386566 
 223471038 
 166610134 
 135497614 
 187998054 
 211728350 
 225988214 
 186903214 
 184022534 
 209138686 
 176642582 
 137185230 
 154689190 
 195066398 
 155977654 
 152944366 
 145455430 
 142191166 
 187234134 
 206401550 
 248047078 
 152822878 
 173197558 
 228490030 
 141182086 
 226117758 
 191896726 
 161284174 
 141243686 
 193066654 
 154767926 
 178200430 
 139024326 
 221908670 
 169462230 
 132446350 
 180636774 
 149139678 
 130900854 
 246983598 
 142455558 
 186252542 
 151191318 
 227432654 
 244919206 
 183636766 
 217791670 
 153362414 
 123491910 
 135992126 
 153664598 
 195174670 
 214880998 
 184425822 
 147856886 
 230325294 
 224018822 
 249450878 
 245891478 
 164188494 
 174735910 
 234409886 
 142149430 
 150257774 
 151811270 
 128235454 
 213765846 
 172812686 
 210794854 
 141765086 
 172161142 
 200010926 
 187166726 
 206521854 
 164045846 
 236317134 
 210139302 
 178138142 
 161149366 
 140050670 
 176272198 
 207551550 
 188809558 
 145576462 
 196165606 
 206231134 
 185463542 
 211090734 
 135184006 
 150264446 
 164128406 
 205267534 
 127258406 
 149563550 
 139000886 
 127459694 
 182718918 
 147972286 
 219829206 
 227236494 
 232334950 
 193798878 
 202968438 
 217951662 
 204909830 
 207032062 
 135514390 
 134478542 
 138429862 
 182764830 
 241903286 
 150757870 
 190550086 
 159737150 
 212977238 
 162464526 
 145763558 
 222433118 
 139216886 
 208535086 
 164084614 
 134079358 
 135351190 
 120943438 
 221109286 
 211157406 
 132739382 
 147554926 
 118501062 
 218204606 
 242178262 
 132139918 
 199119718 
 175217630 
 210739830 
 204336814 
 216656390 
 124868606 
 120122902 
 160992206 
 117871270 
 201711134 
 179035062 
 223232750 
 187297094 
 198069822 
 146475862 
 216478734 
 151755238 
 237226078 
 130751734 
 126189358 
 197474438 
 137981054 
 214085782 
 150291534 
 141715750 
 154950302 
 244999734 
 248292206 
 248564678 
 141800126 
 201121238 
 126598286 
 199229542 
 224433374 
 182892406 
 196915118 
 243377926 
 165552382 
 172397334 
 152280270 
 236543910 
 239171358 
 228397238 
 126788590 
 187484742 
 125417278 
 178049110 
 144041230 
 168003302 
 120586590 
 147485174 
 136020014 
 122107270 
 233272702 
 186422678 
 129733966 
 245593638 
 119354270 
 194763574 
 198984814 
 191228102 
 124279742 
 151184086 
 181251470 
 186527078 
 211422686 
 241060982 
 233435310 
 171828230 
 131951102 
 212645910 
 213200334 
 179874982 
 165122078 
 243189174 
 167609582 
 212084550 
 147300414 
 228005206 
 184227342 
 148370406 
 145144414 
 176834294 
 141558062 
 227390086 
 222822014 
 241105558 
 164128334 
 218170150 
 242781342 
 237883446 
 171599214 
 235898310 
 236946622 
 146892758 
 132521614 
 249092710 
 140379870 
 238444918 
 217428398 
 157196550 
 229585662 
 161176854 
 180174542 
 170162598 
 117975326 
 210827958 
 249226734 
 147850310 
 200804670 
 216652374 
 173459214 
 180936934 
 180876126 
 206216182 
 180552238 
 131641222 
 177932158 
 164224918 
 224114510 
 147525670 
 126772638 
 227558710 
 203884142 
 135111366 
 148450750 
 242773206 
 219484046 
 206571366 
 149716958 
 162461302 
 186643118 
 220454406 
 127106046 
 206733846 
 158060494 
 161269414 
 236143134 
 118730678 
 140953326 
 149971270 
 223015486 
 198516566 
 216594446 
 219565542 
 231976030 
 223047926 
 156533550 
 124267654 
 169906302 
 144524438 
 146114638 
 121740582 
 178175646 
 151206454 
 199370606 
 178274246 
 198530750 
 224915926 
 144343182 
 147043430 
 243628254 
 134744950 
 178828206 
 248355590 
 164250878 
 135407382 
 117498062 
 241275814 
 121166622 
 222749878 
 148973550 
 239418950 
 151018302 
 228123734 
 150055182 
 218118886 
 168420702 
 214746614 
 241468462 
 226240902 
 135829886 
 236530070 
